time,x,y,z,phi,theta,psi,x_velocity,y_velocity,z_velocity,phi_velocity,theta_velocity,psi_velocity,rotor_speed1,rotor_speed2,rotor_speed3,rotor_speed4
0.06,-5.858974426282492e-07,3.773306580439012e-07,10.005490903392465,0.0003108463019509955,0.00044148339364191713,0.0,-4.821906413191005e-05,3.2190915611983166e-05,0.1830177684274084,0.013926567608560425,0.01905035631949839,0.0,461.99219425238886,463.4914734573434,461.69156559811563,462.7887739951384
0.12000000000000001,-1.5598817892255918e-05,1.1340442012710599e-05,10.017492330783282,0.0014823958072147647,0.0013327947218870762,0.0,-0.0005475965706830476,0.0004275250312886632,0.2170234908878491,0.028864116851738862,0.0047645195935475376,0.0,416.3436179052829,415.0919806642907,414.5804194038425,415.89059315921986
0.18,-7.369177076957017e-05,7.018224877008029e-05,10.031104586728823,0.003515079105425478,0.0015286801144416273,0.0,-0.0014107015687075367,0.0017048575553623348,0.23671390239545742,0.04238139494363584,8.235826491171674e-05,0.0,411.4486261240269,411.0339022182139,409.5317823259972,410.7327012346396
0.23999999999999996,-0.00018884202067118028,0.0002512863955077502,10.047442317057948,0.005791171409615714,0.0017717106421271112,0.0,-0.0024407018037640176,0.004569277942937319,0.30785900529266924,0.02709770613007946,0.010994865055241044,0.0,427.4561844568638,428.3848931443176,428.16987440132186,426.8685833043734
0.3,-0.00036757379826093993,0.0006278965461832869,10.065068263738558,0.007457787328788434,0.0018754474601676563,0.0,-0.0035619732270753867,0.008121144218714373,0.27967924464115507,0.029101700040602942,-0.032750462842695754,0.0,395.24485074858103,391.1930634479996,395.1748373920061,395.3597917577115
0.36000000000000004,-0.0006181445019541256,0.001306311886984951,10.088639711820324,0.009799401183792966,6.282908392941054,0.0,-0.004542814285902048,0.014744972287076656,0.5059606935878997,0.05379293290975499,-0.042989221949736506,0.0,475.9987760427871,475.2142151527843,474.2508940430991,476.14391590664576
0.4200000000000001,-0.0008756555968942655,0.002400020934079046,10.121447195258266,0.012699951906319562,6.280457152534725,0.0,-0.003791479772945026,0.022018940137567857,0.5875794982645318,0.034269669359984545,-0.03689426396239004,0.0,431.711292402272,432.22424824012506,431.50280291179405,429.85323215648754
0.48000000000000015,-0.0010495817501056924,0.003945207439997155,10.15615917986855,0.01496081641343494,6.278430118017434,0.0,-0.0018273305509447127,0.029670424126102418,0.5694928863521316,0.043752887733741745,-0.028195089814236407,0.0,398.0859048489122,398.8803858326927,397.1959578189063,398.06543552409175
0.5400000000000001,-0.0010629703831515843,0.006018651247938434,10.1916439409876,0.0177452741583215,6.276461231202489,0.0,0.001550430289730889,0.03969777564759491,0.6133045982195442,0.05124742639327159,-0.044181674981700295,0.0,419.23032392399097,417.8386035504719,419.28062674567724,419.9325529948118
0.6000000000000002,-0.000823801279243142,0.008771275222071459,10.231032395762396,0.020655894476252712,6.273770951617216,0.0,0.00668852326443297,0.05235515262882047,0.6995866689565551,0.04238341778943764,-0.04618361466857384,0.0,433.3660727280859,433.1965756579445,433.04134654285906,432.2966909822204
0.6600000000000003,-0.00014871745177754455,0.012496744686465042,10.28295520572441,0.023749095817866106,6.271250915276948,0.0,0.01617094277791627,0.07221186430592326,1.030922247726511,0.06545291579063406,-0.03472992339809801,0.0,504.41556691771166,505.24115905579873,505.5642107559713,507.22472864102645
0.7200000000000003,0.0011165737123337786,0.017416100729067924,10.351083041391437,0.02827981329055529,6.268962974372133,0.0,0.02625991118778487,0.09226702501653103,1.2397856033205839,0.09042428409750639,-0.04599236724269716,0.0,471.29319804003353,470.4213666423201,470.8622915581768,472.79388138620703
0.7800000000000004,0.0030074551826567483,0.02357865228865712,10.429198564935058,0.03391043220647649,6.265858581676085,0.0,0.03707318704736573,0.11373120306602444,1.363901409466278,0.09992541411956335,-0.06685760862320855,0.0,447.44263239958786,445.7390524224925,445.3186305047721,446.1024473545868
0.8400000000000004,0.00568871102921941,0.03128950194374302,10.518699601796126,0.039823897610867576,6.2624986269451455,0.0,0.052749506819220644,0.14402923205924445,1.6191029855650623,0.0956740349354894,-0.040208205897874105,0.0,485.15575637372757,487.1502911814025,485.29759482895287,484.98585703157613
0.9000000000000005,0.009296303004669526,0.04078998390289989,10.619182691535729,0.045689059599677506,6.26106696239569,0.0,0.0676872699834687,0.17324773430252996,1.730139445683767,0.101613016895309,-0.002819791944481091,0.0,442.177077497152,445.2459494979658,442.4703231883553,442.96715715327304
0.9600000000000005,0.013875943209000098,0.05228117807657598,10.728705272484854,0.05278003046790136,6.260681732786484,0.0,0.08499109387239348,0.21055130944271508,1.9202708856628492,0.13940028053489517,-0.014822774728049395,0.0,468.2170383588566,467.28245727307245,466.4094484314704,469.3621380137463
1.0200000000000005,0.019508932072227828,0.06619218089950878,10.84977388771758,0.06085789765184213,6.259314401218296,0.0,0.10288769512419052,0.2540852967387331,2.114947143079777,0.12281178324395538,-0.04775688898244771,0.0,470.36700196174684,467.8095147332976,471.3553689575488,470.08718940864867
1.0800000000000005,0.026166660405359372,0.08267103124002918,10.978826564737137,0.06816201618515194,6.256142372768242,0.0,0.1193260757881,0.29591684373516475,2.1866134739189187,0.11949276225335426,-0.06579416645360085,0.0,433.5555764500035,432.03548713371185,432.8395517858351,432.5739893342292
1.1400000000000006,0.033895602435460394,0.10184928041084171,11.112821239847753,0.07479649146323464,6.2523309827284415,0.0,0.1386920652492747,0.3440528356252681,2.279622884839904,0.0792969069699265,-0.05933129078197401,0.0,440.4520399838076,440.98320384064823,440.9703256372395,437.6476177509476
1.2000000000000006,0.042854600946995634,0.1240205409049825,11.252112592954349,0.07938808039560996,6.248827437330549,0.0,0.16028775674586235,0.3954381714552003,2.363194185199722,0.07031719829108024,-0.056578619662618276,0.0,437.40331385820247,437.63005368815976,437.94294280814444,437.2001333500296
1.2600000000000007,0.05318348091427386,0.149375534440442,11.396542835301759,0.08340735703621593,6.246052376538685,0.0,0.1843053948348104,0.4501218448610754,2.4509049410003416,0.059326485967021086,-0.031037692163810804,0.0,438.23658933847855,440.35291935681903,439.8735339688042,438.96583407369553
1.3200000000000007,0.06515903947925558,0.1784357331671575,11.550323628159362,0.08746569086460099,6.244090780150316,0.0,0.21509026555322366,0.5189656849762042,2.6745575000782544,0.08051534503912752,-0.03622828308073837,0.0,481.6008358027395,481.2077657916561,480.1535879582422,481.7612844503463
1.3800000000000008,0.07885480433054566,0.21133638238717356,11.71307318273679,0.09247918942073952,6.24185363193012,0.0,0.24164427102435368,0.5781844922575579,2.7501769185457183,0.08903558240911706,-0.03948891877289563,0.0,437.16659747054814,436.8941420611169,437.1125719453493,437.8278164873273
1.4400000000000008,0.09421726387201722,0.24795357646151045,11.881018134992255,0.09801520525977558,6.23920203418335,0.0,0.27067969540318904,0.6429110638219616,2.847662851873093,0.09804833739404617,-0.05582169550613823,0.0,445.7944472948916,444.4566798138656,444.0030323932853,444.7489741684876
1.5000000000000009,0.11133962815412438,0.2884789790745062,12.053893157901692,0.10408233661675048,6.235730164052928,0.0,0.30038842389015785,0.7084892502640023,2.9145686312238204,0.10664010697113034,-0.0622977756339538,0.0,436.3957478643918,435.8524333197815,434.9698010397585,435.6977702919
1.560000000000001,0.13038209933891498,0.3332064259613822,12.23216454642234,0.11075923384149888,6.231741504635837,0.0,0.3347453616434845,0.7830623206741999,3.0273909530137817,0.11923516917521494,-0.07651769219155163,0.0,451.66058059307875,450.508958531529,450.13275412843086,451.16155008905395
1.620000000000001,0.15143440960669935,0.38225217208872164,12.41454450556568,0.11762445274446431,6.2270662195917055,0.0,0.3674149753206591,0.8524124463364169,3.0517450412692226,0.10245429430480636,-0.08088613149535791,0.0,423.93972330408985,423.559020951594,423.67666656281136,422.2436420636204
1.680000000000001,0.17494643463788098,0.4364357540837852,12.605543456137125,0.12376202580693807,6.221782612032671,0.0,0.4169072225237814,0.9543725169575789,3.313973488929363,0.10196836041784606,-0.10896523587269867,0.0,497.2098070018138,495.14243036154915,496.93774386362287,496.90998926018545
1.740000000000001,0.20117862946245937,0.49610979591361104,12.806026762602238,0.13032836896176736,6.215310017255206,0.0,0.4581089624843969,1.0353261123140816,3.368474816456462,0.12126588775650009,-0.10578537604941222,0.0,435.3245280074205,435.58003974800397,435.04938913000836,436.67286508174146
1.8000000000000012,0.2302702520389404,0.5612693245581615,13.013542055320821,0.13740202264076373,6.210006875872905,0.0,0.5122202538106203,1.1373748652875224,3.547930956743593,0.11012333503518136,-0.06647981663977791,0.0,473.59767229514256,476.6046278925626,475.5356553925229,474.69276425343503
1.8600000000000012,0.26212185372890207,0.6315862001132755,13.22375262582297,0.14374184553262115,6.205895543457219,0.0,0.5498163124640107,1.2070149818175238,3.459222915572896,0.09479526044537716,-0.07295400548403476,0.0,389.6017641503,388.9916230782885,389.49937720260374,388.0744953607443
1.9200000000000013,0.29664394897442525,0.7068196381661115,13.433074910372895,0.1498743768371531,6.201472853860135,0.0,0.6013228592428439,1.3012756812481292,3.5178175595342305,0.11396376023484389,-0.0752703065210058,0.0,439.09780136278806,438.90128365175286,438.4032779266301,440.00219021044234
1.9800000000000013,0.33400491028614415,0.7872112345869763,13.641847676368258,0.1564662701172601,6.196874368243044,0.0,0.644402678617334,1.378956978034286,3.441341602109807,0.10006576488634976,-0.07953341842833411,0.0,394.20205643501805,393.80240453486886,394.64934058135594,393.37659106464196
2.0400000000000014,0.3749319959790413,0.8739909200695344,13.856292775123094,0.16229317327985981,6.191749062279758,0.0,0.7203723205200347,1.5142634488253808,3.7057054851439797,0.09044760635175056,-0.10104509716402255,0.0,501.5349035741576,499.96468055418364,503.38000309544395,502.69032069841484
2.1000000000000014,0.4201723979767955,0.9683575395181571,14.082491559955965,0.16735907128041383,6.185536976196705,0.0,0.7882446927670311,1.631724814246243,3.833561217388838,0.0683341578561595,-0.10904270573079423,0.0,465.06828239896015,464.43254227776674,464.06252239751774,462.32871190261056
2.1600000000000015,0.46959865236805354,1.069829444323924,14.316108322317161,0.17133083034283114,6.179244883372689,0.0,0.859919107357536,1.7509609608453223,3.95299278959288,0.0615368449300762,-0.09761409292684699,0.0,463.2244358190049,464.11317351514975,462.2259523991677,461.6929868607337
2.2200000000000015,0.5231168177840095,1.1779766779658583,14.553683439240816,0.17494379005820626,6.173685814333963,0.0,0.924511146928393,1.854199750057834,3.965915613924181,0.057435327238236175,-0.08422562592684069,0.0,430.3298723449557,431.4541760178062,429.7089221249456,429.3637575415956
2.2800000000000016,0.5812043876381356,1.2933120751157068,14.79730575903102,0.1780798562597692,6.168218641304403,0.0,1.012246006891453,1.9904945325700807,4.153863268920624,0.03915107546467727,-0.1107631383349802,0.0,486.44151685658795,484.44346929022015,486.0332877059759,484.66236771739176
2.3400000000000016,0.6445355057369546,1.416647496353025,15.050870124011306,0.18122847689549904,6.161794513086928,0.0,1.0994182450931729,2.120806093669418,4.297444937042912,0.07078329054984804,-0.10055446237296642,0.0,473.47499651336875,474.25048581710803,473.17945483145223,475.6100368765471
2.4000000000000017,0.7134576196634859,1.5481905435481094,15.314787192642012,0.1855484340043958,6.155736270657897,0.0,1.1985699802717733,2.264219160776898,4.498624757478763,0.07432544053530243,-0.10181578246726178,0.0,492.69403078088754,492.5930375985247,493.1012865150309,493.36634191219605
2.4600000000000017,0.7886113077073987,1.6886268898286099,15.591788572447179,0.18962450637003414,6.149609569831743,0.0,1.307141981484256,2.4172244222749995,4.733361247970933,0.050383893806809674,-0.10270965401761978,0.0,504.98668378515754,504.914522867519,505.72360232362456,503.9987275771326
2.520000000000002,0.8693425183325515,1.8368046128940696,15.87494729002005,0.19251756138394338,6.143281442822461,0.0,1.384407490425681,2.522200790351252,4.705109369891147,0.043490527669713626,-0.11164770949247539,0.0,427.2976320919341,426.5245704537246,426.35572959595373,425.7677928147727
2.580000000000002,0.955170442410756,1.9917910211499912,16.158830271346233,0.1953060332941563,6.1366824820792765,0.0,1.4770908660353703,2.644107875806236,4.757102428036625,0.05185739755953524,-0.10684747439157224,0.0,452.940254633472,453.31575527467453,452.8220326565917,453.4959224066009
2.640000000000002,1.0466473248922534,2.1540824001522982,16.445560310341893,0.198587862043758,6.1305253157825135,0.0,1.5726599267135593,2.7657436656317795,4.800028426900134,0.059843126820891504,-0.09528400041684532,0.0,450.84292630810745,451.767361682952,451.27798083013647,451.92415833021136
2.700000000000002,1.144167642031641,2.3239699077567386,16.736080517187954,0.2020070115601369,6.125160433255674,0.0,1.678461700948181,2.897315034282232,4.883222719467655,0.05055481702491565,-0.07970579994522937,0.0,465.03218372614094,466.24464928488777,465.3462172581448,464.620510638066
2.760000000000002,1.2477162532428487,2.5012702065598478,17.028979144772006,0.20483384997074516,6.120160094421923,0.0,1.7735348757325122,3.012821035351548,4.879756035744306,0.039151027689346835,-0.09182377074520587,0.0,439.56154126353067,438.5501428632685,439.6821626351233,438.7375339355614
2.820000000000002,1.3567285679423042,2.685125943961502,17.31970792366753,0.2068651938406152,6.114588377233531,0.0,1.8606399374589373,3.115802065108414,4.81122306383103,0.020309249460598734,-0.09502198141908308,0.0,417.8508318862784,417.56398093231735,418.68964336791095,417.04733992635767
2.880000000000002,1.4710771232396698,2.8751998485795918,17.606453506168453,0.20837711160152672,6.108732159929424,0.0,1.951425975218188,3.220015113460331,4.746968704315871,0.033521539375129,-0.10333900690828032,0.0,418.94799850721296,418.2152221010077,419.272870534056,420.4195709871483
2.940000000000002,1.5908444974403968,3.071392983559055,17.888675309819124,0.21005158910403043,6.102981805998331,0.0,2.041275850230505,3.319825867733772,4.6605167424186895,0.013262618118466607,-0.08397454236222968,0.0,410.82844890140314,412.5333554567323,412.13854409089083,410.343945238725
3.000000000000002,1.716802962257527,3.2743953430086443,18.16954330967511,0.21087479666474973,6.097608107691251,0.0,2.1577175388519376,3.446782791692515,4.701234971035475,0.01461976862148219,-0.10410231897679516,0.0,454.80586474219103,453.18388283117014,454.02757056715814,454.13634128046766
3.0600000000000023,1.8495340577068862,3.484656559673637,18.45120512933548,0.21161406074207179,6.091107278571535,0.0,2.2671357848867078,3.5618271869292464,4.6872165652034345,0.00727408524762239,-0.11857345825705343,0.0,438.52508498981325,437.3104567726419,436.95015218639844,436.33711140412015
3.1200000000000023,1.98886316363229,3.70172238192898,18.731620678269095,0.21170864990656568,6.084119710951613,0.0,2.377705658258977,3.6735615369040406,4.659750116261566,-0.013371587304140082,-0.1125387557074271,0.0,434.19682198703566,434.6904006592472,433.21986315645387,431.4800600278078
3.1800000000000024,2.135890212397313,3.926446295616992,19.01495641467239,0.21079004222647502,6.077320435347644,0.0,2.523702402930318,3.8168016618518643,4.78379405181722,-0.019500037275123804,-0.11493256786376466,0.0,482.57579501878,482.3847175627825,482.2842323640053,481.82117414475067
3.2400000000000024,2.291328300456825,4.159225004211515,19.303436833821518,0.20974671494529762,6.070438898674626,0.0,2.658075248738112,3.942116896653283,4.8316186405927235,-0.013469581000575282,-0.1142164146519922,0.0,459.49155594546704,459.53707574637315,461.48046293438404,461.95640145726213
3.3000000000000025,2.4540778540056687,4.3986333176640615,19.590827047307084,0.20893265488282253,6.0635619723526695,0.0,2.7674204470780484,4.037978556820559,4.748141730720648,-0.013764560211830121,-0.11542490615740161,0.0,417.5974948946941,417.47939419479076,418.6888977943858,418.6633311251279
3.3600000000000025,2.6230759958788075,4.643372338465582,19.871414848959777,0.2078736109826318,6.056364125823329,0.0,2.866377142426679,4.119867521212816,4.605180504077074,-0.02684914658371554,-0.1310726239378037,0.0,396.74073298561365,395.28593695218274,397.4763515657302,396.27510726194345
3.4200000000000026,2.7995533904720618,4.894265053889692,20.14953247402267,0.20595371943672802,6.048905266741251,0.0,3.0167523449614224,4.242752584300034,4.664709769266103,-0.04505645008009902,-0.11340957637628694,0.0,463.50744847787075,464.88023707663035,466.0711856565758,464.64532703611707
3.4800000000000026,2.984503545952075,5.151873087790528,20.42842050836,0.20333400004027968,6.041998125541987,0.0,3.1487373401861647,4.343762271382535,4.631400209415047,-0.04101029845172384,-0.11877441051003322,0.0,436.5911548048264,436.1310894135228,435.1775728672566,435.51508381713353
3.5400000000000027,3.177979269304653,5.41587116250578,20.70728569261684,0.20051957471557103,6.035145652566506,0.0,3.3009207267876612,4.4556549350675105,4.6635738499356645,-0.06256903697499383,-0.106365639936031,0.0,456.6438954827576,457.6215537121456,459.4269147425016,457.71267174008227
3.6000000000000028,3.380344507756836,5.686211342386659,20.986704320973715,0.1966728545814771,6.028417203734557,0.0,3.445021493426581,4.555128473842197,4.6501405616948395,-0.06739008364020868,-0.12734672187128507,0.0,445.23933538853305,443.5076084279812,443.84488664104845,443.4459345910536
3.660000000000003,3.591596038499473,5.962512834418208,21.265809181918495,0.19253617161496273,6.020789150539411,0.0,3.5972150240547744,4.654302550191738,4.652986120591119,-0.07224904118470488,-0.12671300174843728,0.0,450.29169565563757,450.3284589033841,449.8242457821887,449.4269643066301
3.720000000000003,3.8115789067962127,6.244282283621179,21.543177462189217,0.1885183365059664,6.013135538269719,0.0,3.736075545201533,4.737495943137757,4.592598664277556,-0.05807312847996007,-0.12930895798602812,0.0,428.7511667077983,428.51498779626365,429.7630901552268,430.959654053836
3.780000000000003,4.039691749422072,6.530736908229018,21.81582900580611,0.18486647776001153,6.006211935535699,0.0,3.86818713354807,4.810584395220682,4.495946675588991,-0.06712704918059229,-0.09653462789303724,0.0,415.81566233203205,418.6640130397649,416.9180130052178,416.12306766739874
3.840000000000003,4.276406991186632,6.821866772598024,22.08473078394094,0.1805864479325594,6.000184062056579,0.0,4.0226668949616995,4.893186884112535,4.467282686675234,-0.08145226013994465,-0.10977909746047265,0.0,441.3574354261466,440.25379972041696,439.79744110786396,438.60499594078937
3.900000000000003,4.522339670767422,7.117757835071105,22.35145625701698,0.17597578818850756,5.993724060956755,0.0,4.175490024377213,4.969262153600567,4.423476014108597,-0.06893841044630032,-0.10374842592588158,0.0,434.7311382198634,435.22579702645777,434.9803848784306,436.022437685687
3.960000000000003,4.779510389558878,7.419259452115654,22.622087507381938,0.171649052039327,5.987445922082113,0.0,4.397072633082398,5.079895427941324,4.596229218459432,-0.07936156993910523,-0.10647032562393494,0.0,504.0586709124553,503.85375417263305,504.562518410947,503.80594510341984
4.020000000000002,5.048606510840946,7.726429919348965,22.898270358580564,0.16713318514336173,5.981227219720223,0.0,4.573111292393154,5.158448461517578,4.6094257850683675,-0.06812643648464269,-0.09852493723522647,0.0,457.64594461436366,458.26903622414875,456.3643054531012,457.2560776054845
4.080000000000001,5.326921831085462,8.037440478414824,23.170732264029414,0.16373350428696387,5.975186113690201,0.0,4.704465768380827,5.208225507499733,4.473046064875143,-0.04022614990195641,-0.10539503525127862,0.0,406.50498661029314,405.8788801788498,406.068340629491,408.5613659667044
4.14,5.614352071510687,8.351963006224311,23.43864992603732,0.16188307943209512,5.969545213115403,0.0,4.876804579755377,5.275474625596317,4.457182239608604,-0.01668873589908207,-0.07767321560648797,0.0,447.41971737441196,449.6637202240228,446.5568110910493,448.4727265302126
4.199999999999998,5.9117089717187445,8.670226976135762,23.70416415422863,0.16049840849107522,5.9655744619188695,0.0,5.0352486681360284,5.333091835503368,4.393245467486018,-0.04063096162557201,-0.04971473692348439,0.0,431.0449432467267,433.3980887073344,433.73317112533795,431.7170574257331
4.259999999999997,6.2190144670042935,8.992096002695293,23.96709751260007,0.15778168127190817,5.962606253009474,0.0,5.2082589503551615,5.395480504311209,4.371011133247675,-0.05673120252382615,-0.04898557074667107,0.0,446.3060500423837,446.36406128746324,447.65768705606973,446.34409401796495
4.319999999999996,6.537775561452156,9.318130377701682,24.231859963642425,0.1537907419823279,5.959615548637892,0.0,5.416937831424018,5.471704592961646,4.453632691317479,-0.1077939816531553,-0.05162136664096475,0.0,480.0058469085199,479.80438001646667,483.8745499846159,480.01027813716775
4.379999999999995,6.868500470473267,9.648351278601462,24.499891416307804,0.1475069195042762,5.956360254139689,0.0,5.607160958316348,5.5348358558643715,4.4803905983176735,-0.09922048950894852,-0.0601219626914188,0.0,464.6251232253565,463.95619606449173,464.84278968040246,465.5052370142609
4.439999999999993,7.212563101899687,9.983028798659197,24.77508904667856,0.14174359874596743,5.952978978393558,0.0,5.861255953777212,5.619986482568504,4.691342229871627,-0.09038067765632009,-0.04972366414123469,0.0,521.2926010972717,522.0171702240626,521.1247628102268,521.7360160191427
4.499999999999992,7.569983800446542,10.32185949762875,25.057409997210847,0.1362501568697807,5.949965300618544,0.0,6.052649765936869,5.673648882396477,4.718943068745176,-0.09401932893627137,-0.05125576505651155,0.0,468.41101360573947,468.2903737537055,469.89879760230446,469.6100137709108
4.559999999999991,7.937612649512023,10.66327706147184,25.337727573300604,0.13100191278567053,5.947032128112763,0.0,6.201726241101294,5.706430543923014,4.625320107938552,-0.0768407072158155,-0.044526046371164425,0.0,429.68864630683413,430.2573705819757,428.1755829778663,429.6281889108669
4.6199999999999894,8.315009968155692,11.006866613724274,25.6147926648516,0.12712784678431177,5.944170634526479,0.0,6.378089376044938,5.746042807810056,4.610003788915499,-0.04730258322681944,-0.05492069775552831,0.0,455.2782262361416,454.4442159190315,454.53795128640166,456.89634814839496
4.679999999999988,8.70313592038837,11.35279871649074,25.891356583491525,0.12410750898554124,5.940402608805327,0.0,6.559363963091422,5.78461390343101,4.6084414993534955,-0.05723079283590845,-0.08726999414512403,0.0,461.0786591325393,458.5120260169034,461.1847567513945,460.398168591804
4.739999999999987,9.10196999790806,11.700900586111313,26.167294799273677,0.12027977715969662,5.935619650973404,0.0,6.73518269589583,5.818324152781962,4.589191637190343,-0.08205036548088974,-0.06778113755295026,0.0,454.60850118753564,456.1627438948836,456.28055590761534,454.2911287795288
4.799999999999986,9.510895162819812,12.050770905338213,26.440747289930762,0.11563108684393342,5.931449798094793,0.0,6.895729651303547,5.843531145357951,4.525955134406964,-0.06962527866600124,-0.07317052594903635,0.0,441.4222927787345,440.97348020026453,440.52109269789776,441.5427414286826
4.859999999999984,9.927669145393699,12.401498640235364,26.705556160796824,0.11127347064246962,5.926996927008368,0.0,6.997087523507317,5.847175418306852,4.302068952712369,-0.079427220462124,-0.07638750899125517,0.0,382.1263393735705,381.81414890123483,382.7595056517894,381.82011303135477
4.919999999999983,10.352824589304186,12.753056426996856,26.96308361212849,0.10602250044113237,5.922224878026432,0.0,7.17478497745596,5.8708658827529865,4.281932912159233,-0.11316126130864229,-0.08671138045433553,0.0,453.9656650523198,453.13129794617913,454.35839043322284,451.638214275386
4.979999999999982,10.789917771908817,13.106261569605932,27.222685241656503,0.09952509985269042,5.917447770646461,0.0,7.394856857621,5.901755921217977,4.370539594641654,-0.09999886849674432,-0.06827323296195249,0.0,488.7232281952247,490.09131444015986,487.4614280157437,488.4349963365311
5.0399999999999805,11.240010565210296,13.461106114999847,27.486982501734886,0.09386491979586431,5.91319541286245,0.0,7.6080333830184,5.925649342795906,4.438586631874126,-0.08491483467982719,-0.07665371890454938,0.0,484.39036240273975,483.7561443202057,483.66393976199913,484.79207744100546
